spawn:
  x: -2.5
  y: 21.0
  z: -105.5
  yaw: 179.81857
  pitch: -2.601713
  world: GunGame
safezone:
  '1':
    x: -8.906493107483973
    y: 36.95337627510725
    z: -113.33657918595328
    yaw: -38.968212
    pitch: 90.0
    world: GunGame
  '0':
    x: 4.673193443144111
    y: 18.0
    z: -98.42994827971172
    yaw: 128.29716
    pitch: 90.0
    world: GunGame
