world: world_nether
x: -147.75711517062604
y: 54.0
z: -59.50218842387659
yaw: 90.532684
pitch: 0.9126206
name: Nether
