world: PlotWorld
x: 0.5
y: 72.0
z: 0.5
yaw: 0.3137429
pitch: -1.6128837
name: Spawn
