world: world
x: 72.37579540519681
y: 78.0
z: -462.3847725693214
yaw: 356.6996
pitch: 0.62254
name: Farmwelt
