money: '1000.0'
lastAccountName: Blocky12321
timestamps:
  login: 1567863174700
  logout: 1567864345007
ipAddress: 95.91.243.212
logoutlocation:
  world: PlotWorld
  x: -8.153449158794691
  y: 65.0
  z: 118.08699633567163
  yaw: -9.148682
  pitch: -21.150017
