money: '1000.0'
lastAccountName: tobiyeee
timestamps:
  login: 1577098579379
  logout: 1577098600090
ipAddress: 217.240.80.8
logoutlocation:
  world: PlotWorld
  x: 0.6305646982507047
  y: 72.91002770378924
  z: 5.568997183657993
  yaw: -180.12271
  pitch: 3.8585649
