money: '1000.0'
lastAccountName: mori0
timestamps:
  login: 1577380265040
  logout: 1577380446203
ipAddress: 104.244.76.13
logoutlocation:
  world: PlotWorld
  x: -19.854008846300456
  y: 65.5
  z: -9.90021802317159
  yaw: 198.97104
  pitch: 17.575964
