money: '1000.0'
lastAccountName: DJMrTV
timestamps:
  login: 1571942452383
  logout: 1571942466740
ipAddress: 94.134.45.68
logoutlocation:
  world: PlotWorld
  x: 5.3994859883677115
  y: 72.0
  z: 1.75252492048131
  yaw: -98.187325
  pitch: 48.303215
