money: '1000.0'
lastAccountName: NiveaxAPI
timestamps:
  login: 1577296510714
  logout: 1577296514654
ipAddress: 46.90.156.87
logoutlocation:
  world: PlotWorld
  x: 0.4838581365766004
  y: 73.16002770378924
  z: 10.738770076331845
  yaw: 0.34660137
  pitch: -1.3500158
