money: '1000.0'
lastAccountName: zedFace_Connar_
timestamps:
  login: 1577289226691
  logout: 1577289230404
ipAddress: 88.153.232.180
logoutlocation:
  world: PlotWorld
  x: -1.155442075094501
  y: 72.125
  z: 4.016652513614307
  yaw: 134.72731
  pitch: 29.486734
