money: '1000.0'
lastAccountName: onezeno
timestamps:
  login: 1569154654064
  logout: 1569154698740
ipAddress: 185.22.143.82
logoutlocation:
  world: PlotWorld
  x: -132.4337228334653
  y: 65.0
  z: -77.30237148196946
  yaw: -30.150126
  pitch: 19.349977
