lastAccountName: Devlayer
timestamps:
  login: 1577043421042
  logout: 1577043422361
  lastteleport: 1571423909290
ipAddress: 79.229.247.107
money: '0'
logoutlocation:
  world: PlotWorld
  x: 1.9524430423145422
  y: 72.125
  z: 1.81078660016499
  yaw: -69.38118
  pitch: 7.7841854
homes:
  communityfarm:
    world: PlotWorld
    x: 0.5
    y: 65.0
    z: 318.08335789224805
    yaw: 0.0
    pitch: 0.0
lastlocation:
  world: PlotWorld
  x: 0.2929908080208292
  y: 72.0
  z: 1.5494145134124033
  yaw: 6.776103
  pitch: 16.633785
godmode: false
