money: '1000.0'
lastAccountName: jcc507
timestamps:
  login: 1571089012389
  logout: 1571089022057
ipAddress: 88.130.154.13
logoutlocation:
  world: PlotWorld
  x: 0.5062912863213569
  y: 72.0
  z: 2.762499988079071
  yaw: -0.30065596
  pitch: -0.3167969
