money: '1000.0'
lastAccountName: DaErJa
timestamps:
  login: 1577036611603
  logout: 1577036708326
ipAddress: 217.228.239.182
logoutlocation:
  world: PlotWorld
  x: 40.32611183395418
  y: 65.0
  z: 20.29133818183713
  yaw: -98.536194
  pitch: 28.237135
