money: '1000.0'
lastAccountName: PixelBuild
timestamps:
  login: 1577300892235
  logout: 1577300979069
ipAddress: 46.5.253.201
logoutlocation:
  world: PlotWorld
  x: -0.30024022006171863
  y: 69.5
  z: 12.324997049810538
  yaw: 181.85783
  pitch: 3.089254
