money: '1000.0'
lastAccountName: m03021
timestamps:
  login: 1573624564513
  logout: 1573624619591
ipAddress: 88.130.154.61
logoutlocation:
  world: PlotWorld
  x: -23.69999998807907
  y: 63.0
  z: 514.3050219013094
  yaw: -91.34998
  pitch: 42.899986
