money: '1000.0'
lastAccountName: zBreezily
timestamps:
  login: 1577274334540
  logout: 1577274432325
ipAddress: 91.53.87.69
logoutlocation:
  world: PlotWorld
  x: 0.6682021407805999
  y: 67.0625
  z: -17.94945844964686
  yaw: 187.83662
  pitch: 42.682957
