money: '1000.0'
lastAccountName: RealRusse
timestamps:
  login: 1571674106182
  logout: 1571674182185
ipAddress: 91.89.90.113
logoutlocation:
  world: PlotWorld
  x: -0.8287286928164737
  y: 72.0
  z: 6.469018111270433
  yaw: -204.73566
  pitch: 6.3371134
