money: '1000.0'
lastAccountName: Mr_Robb
timestamps:
  login: 1569172398788
  logout: 1569172798303
ipAddress: 185.22.143.82
logoutlocation:
  world: PlotWorld
  x: 0.15772142732883399
  y: 67.0625
  z: 18.56996159559943
  yaw: 1.4993373
  pitch: 25.333193
