money: '1000.0'
lastAccountName: DevOFVictory
timestamps:
  login: 1568909876828
  logout: 1568910015406
ipAddress: 77.20.186.39
logoutlocation:
  world: PlotWorld
  x: -125.12266628121152
  y: 65.0
  z: -6.031662475395313
  yaw: -176.95697
  pitch: 1.2238573
