lastAccountName: aQINX
timestamps:
  login: 1575492875023
  logout: 1575492893094
ipAddress: 91.2.80.170
money: '1000.0'
logoutlocation:
  world: PlotWorld
  x: 13.277266023564604
  y: 69.5
  z: -0.35414965255389197
  yaw: -101.0862
  pitch: 12.787121
