money: '1000.0'
lastAccountName: ManRBX
timestamps:
  login: 1574791005501
  logout: 1574791562862
ipAddress: 178.191.231.174
logoutlocation:
  world: PlotWorld
  x: 1.0867210453135177
  y: 72.0
  z: -0.22243794478849566
  yaw: 14.563573
  pitch: 43.986954
