money: '1000.0'
lastAccountName: Morten_PlayerHD
timestamps:
  login: 1569076536548
  logout: 1569076583782
ipAddress: 87.157.92.197
logoutlocation:
  world: PlotWorld
  x: 16.704311235633597
  y: 65.0
  z: 40.695418269574525
  yaw: 78.52768
  pitch: 43.839092
