money: '1000.0'
lastAccountName: ZapliNN
timestamps:
  login: 1574608865639
  logout: 1574608894600
ipAddress: 178.19.82.248
logoutlocation:
  world: PlotWorld
  x: 5.908855238690536
  y: 72.0
  z: 4.56968663789488
  yaw: -251.91481
  pitch: 18.112026
