money: '1000.0'
lastAccountName: lucameo8
timestamps:
  login: 1577104809378
  logout: 1577104853525
ipAddress: 87.123.201.224
logoutlocation:
  world: PlotWorld
  x: -19.56948910057163
  y: 66.0625
  z: -0.8079261573243732
  yaw: -311.08615
  pitch: 73.83712
