money: '3000.0'
lastAccountName: RKTxJoel
timestamps:
  login: 1569145957937
  logout: 1569146335367
ipAddress: 109.90.240.203
logoutlocation:
  world: PlotWorld
  x: 28.085237252592236
  y: 65.0
  z: -80.69666552057606
  yaw: -21.808899
  pitch: -3.8001964
