money: '1000.0'
lastAccountName: SayManeYT
timestamps:
  login: 1577371415246
  logout: 1577371458873
ipAddress: 84.130.80.115
logoutlocation:
  world: PlotWorld
  x: -0.7455901517767967
  y: 72.125
  z: 0.08267122319715858
  yaw: -88.421875
  pitch: 17.627245
