money: '1000.0'
lastAccountName: MeggeHD
timestamps:
  login: 1572014779893
  logout: 1572014922692
ipAddress: 178.255.153.166
logoutlocation:
  world: PlotWorld
  x: -26.68315118501482
  y: 65.5
  z: 10.700297537309897
  yaw: -116.99188
  pitch: -2.4003682
