money: '13996.0'
lastAccountName: R4faGamerBR
timestamps:
  login: 1568648741721
  logout: 1568649167016
ipAddress: 91.45.151.169
logoutlocation:
  world: PlotWorld
  x: 0.7236162034687557
  y: 72.875
  z: 3.1089916531250923
  yaw: -29.834106
  pitch: 88.28591
