money: '1000.0'
lastAccountName: AnXyro
timestamps:
  login: 1569168133170
  logout: 1569169106476
ipAddress: 78.43.42.76
logoutlocation:
  world: PlotWorld
  x: 3.2941843044492547
  y: 72.0
  z: -4.439752938279098
  yaw: 96.149414
  pitch: 16.50001
