money: '1000.0'
lastAccountName: LikeMyLife
timestamps:
  login: 1571859061721
  logout: 1571859137345
ipAddress: 217.233.157.147
logoutlocation:
  world: PlotWorld
  x: 1.6248962788461268
  y: 72.0
  z: -6.389479366979927
  yaw: -12.436258
  pitch: 15.637116
