money: '1000.0'
lastAccountName: Taoist_Time
timestamps:
  login: 1577370424471
  logout: 1577370482160
ipAddress: 93.205.252.64
logoutlocation:
  world: PlotWorld
  x: 0.49079987104050815
  y: 72.875
  z: 3.366574974275242
  yaw: 0.38271254
  pitch: -1.6818533
