money: '2000.0'
lastAccountName: NewNikIas
timestamps:
  login: 1575208047172
  lastteleport: 1575208743963
  logout: 1575209226260
ipAddress: 95.223.59.87
lastlocation:
  world: world
  x: 68.50942116596602
  y: 63.0
  z: -854.4828978184494
  yaw: 183.13155
  pitch: -4.924494
logoutlocation:
  world: world
  x: 116.65561958411983
  y: 65.0
  z: -227.26868334837042
  yaw: 198.40082
  pitch: 60.018326
