money: '1000.0'
lastAccountName: BuddiesTV
timestamps:
  login: 1577380469591
  logout: 1577380774424
ipAddress: 31.18.253.37
logoutlocation:
  world: PlotWorld
  x: 15.756828053576271
  y: 65.0
  z: 20.984332417027698
  yaw: 232.58488
  pitch: 30.969145
