money: '1000.0'
lastAccountName: xXkiller123X
timestamps:
  login: 1577368107400
  logout: 1577368413221
ipAddress: 84.60.182.51
logoutlocation:
  world: PlotWorld
  x: -96.04420407801757
  y: 65.0
  z: -102.37924992001575
  yaw: 182.77313
  pitch: 22.002712
