money: '1000.0'
lastAccountName: ExxoTube
timestamps:
  login: 1577306993414
  logout: 1577307063815
ipAddress: 87.148.37.37
logoutlocation:
  world: PlotWorld
  x: 0.8931873775097665
  y: 72.0
  z: 4.237500011920929
  yaw: 216.7673
  pitch: 18.886898
