money: '1000.0'
lastAccountName: Crock91
timestamps:
  login: 1577125021072
  logout: 1577125147174
ipAddress: 46.59.152.77
logoutlocation:
  world: PlotWorld
  x: 1.228281462583003
  y: 72.125
  z: 0.9482158084317185
  yaw: -338.5667
  pitch: 39.02862
