money: '1000.0'
lastAccountName: CyntrixAlgorithm
timestamps:
  login: 1571846730140
  logout: 1571846765391
ipAddress: 95.90.238.106
logoutlocation:
  world: PlotWorld
  x: 67.57549353730224
  y: 65.0
  z: -150.30430665644656
  yaw: -144.99847
  pitch: -23.96161
