money: '1000.0'
lastAccountName: Axpye
timestamps:
  login: 1577380194810
  logout: 1577380833859
ipAddress: 95.90.253.233
logoutlocation:
  world: PlotWorld
  x: 0.7809958037906207
  y: 66.5
  z: -19.152382910444285
  yaw: 13.089181
  pitch: 46.31719
