money: '1000.0'
lastAccountName: HairyDonutz
timestamps:
  login: 1577124710971
  logout: 1577125018714
ipAddress: 46.59.152.77
logoutlocation:
  world: PlotWorld
  x: 8.761881532567433
  y: 72.125
  z: 0.5886156690219102
  yaw: -80.9695
  pitch: 17.863724
