money: '1000.0'
lastAccountName: Cupex
timestamps:
  login: 1572024866316
  logout: 1572024869070
ipAddress: 77.21.248.78
logoutlocation:
  world: PlotWorld
  x: 0.49598785865600803
  y: 72.0
  z: 7.163084974402744
  yaw: 1.3637428
  pitch: 18.787107
