money: '1000.0'
lastAccountName: David__Craft
timestamps:
  login: 1577039703340
  logout: 1577039737542
ipAddress: 78.35.151.123
logoutlocation:
  world: PlotWorld
  x: -11.846273709650639
  y: 65.0
  z: 21.258617627753363
  yaw: 28.264336
  pitch: 4.581575
