money: '1000.0'
lastAccountName: MMCVI
timestamps:
  login: 1577371042831
  logout: 1577371228777
ipAddress: 87.123.195.157
logoutlocation:
  world: PlotWorld
  x: 7.225955297220956
  y: 72.0
  z: 4.5842703471376405
  yaw: -183.11139
  pitch: 11.55236
