money: '1000.0'
lastAccountName: Luca_zPlays
timestamps:
  login: 1577380177840
  logout: 1577380420684
ipAddress: 93.132.91.255
logoutlocation:
  world: PlotWorld
  x: 1.707615604697148
  y: 72.0
  z: -2.158425314888234
  yaw: 270.30728
  pitch: 49.856922
