money: '1000.0'
lastAccountName: ZachyF
timestamps:
  login: 1569077142223
  logout: 1569077231755
ipAddress: 87.157.92.197
logoutlocation:
  world: PlotWorld
  x: -0.6095991725185803
  y: 72.41999998688698
  z: -3.962402665423161
  yaw: -236.42859
  pitch: 4.7939167
