money: '1000.0'
lastAccountName: igor_67
timestamps:
  login: 1573241463066
  logout: 1573241505258
ipAddress: 88.130.154.52
logoutlocation:
  world: PlotWorld
  x: -8.258664047989067
  y: 72.0
  z: 0.38707485171046146
  yaw: -49.03624
  pitch: 16.837116
