money: '1000.0'
lastAccountName: Wallide
timestamps:
  login: 1577125291541
  logout: 1577125593071
ipAddress: 91.44.58.149
logoutlocation:
  world: PlotWorld
  x: -63.069429877393404
  y: 65.0
  z: 132.12916287238107
  yaw: 184.39462
  pitch: 27.093721
