money: '1000.0'
lastAccountName: Hiche
timestamps:
  login: 1571012233482
  logout: 1571012254496
ipAddress: 88.130.154.13
logoutlocation:
  world: PlotWorld
  x: 0.888846497387356
  y: 70.5
  z: 11.135685955503021
  yaw: 1.3920684
  pitch: 24.65096
