money: '1000.0'
lastAccountName: uS1x
timestamps:
  login: 1577380144331
  logout: 1577380290518
ipAddress: 37.201.199.9
logoutlocation:
  world: PlotWorld
  x: 1.2592915208664934
  y: 72.0
  z: -1.59692151575007
  yaw: 168.71269
  pitch: 22.344305
