money: '1000.0'
lastAccountName: xXxScorix
timestamps:
  login: 1577360039533
  logout: 1577360081002
ipAddress: 77.11.199.96
logoutlocation:
  world: PlotWorld
  x: -3.830964227007574
  y: 65.0
  z: 124.61282341013471
  yaw: -13.005718
  pitch: 36.07952
