money: '1000.0'
lastAccountName: MRKingSpielt
timestamps:
  login: 1567947237993
  logout: 1567947253501
ipAddress: 46.167.44.29
logoutlocation:
  world: PlotWorld
  x: -0.3271823981843759
  y: 70.0625
  z: 11.933517299359835
  yaw: -7.4142995
  pitch: 14.947211
