money: '900.0'
lastAccountName: Leana114
timestamps:
  login: 1577136434834
  lastteleport: 1577137178772
  logout: 1577137657459
ipAddress: 46.5.230.36
lastlocation:
  world: PlotWorld
  x: 48.198347143737976
  y: 65.0
  z: 48.12463785336751
  yaw: -171.90186
  pitch: 24.899977
logoutlocation:
  world: PlotWorld
  x: 55.12011438661228
  y: 65.0
  z: 50.380037313530316
  yaw: -16.352295
  pitch: 25.499928
