money: '1500.0'
lastAccountName: DrSuc
timestamps:
  login: 1577120950206
  logout: 1577121064994
ipAddress: 87.187.246.181
logoutlocation:
  world: PlotWorld
  x: -36.84527567424334
  y: 65.0
  z: 0.4405379579492087
  yaw: 87.690216
  pitch: 21.360222
