money: '1000.0'
lastAccountName: BinSehrLegit
timestamps:
  login: 1568536634397
  logout: 1568536646890
ipAddress: 46.82.114.233
logoutlocation:
  world: PlotWorld
  x: 0.6686286988680931
  y: 65.0625
  z: 26.241781304679456
  yaw: -0.8171853
  pitch: 10.930044
