money: '1000.0'
lastAccountName: Vogel_YT
timestamps:
  login: 1573314491549
  logout: 1573314497658
ipAddress: 84.144.48.224
logoutlocation:
  world: PlotWorld
  x: 0.7860528393980909
  y: 70.0625
  z: 11.894310472114892
  yaw: -9.136261
  pitch: 10.687115
