money: '1000.0'
lastAccountName: CrxmeGedxcht
timestamps:
  login: 1577380129300
  logout: 1577380452272
ipAddress: 95.90.193.253
logoutlocation:
  world: PlotWorld
  x: -17.198802041916743
  y: 67.5
  z: 1.5320498291274536
  yaw: 93.7861
  pitch: 13.885883
