money: '1500.0'
lastAccountName: ripepad
timestamps:
  login: 1577043702893
  logout: 1577043766010
ipAddress: 84.140.79.122
logoutlocation:
  world: PlotWorld
  x: 0.6047318391613398
  y: 72.125
  z: 7.438343512630539
  yaw: 181.32185
  pitch: 26.100403
