money: '1000.0'
lastAccountName: PixelCrack3r
timestamps:
  login: 1574596657404
  logout: 1574596885907
ipAddress: 88.130.80.119
logoutlocation:
  world: PlotWorld
  x: -27.690054947157105
  y: 65.0
  z: -3.223705987110603
  yaw: -2.386228
  pitch: 28.649994
