money: '1000.0'
lastAccountName: Metaldurio
timestamps:
  login: 1570923095712
  logout: 1570923103678
ipAddress: 88.130.154.133
logoutlocation:
  world: PlotWorld
  x: 0.521412402857095
  y: 72.0
  z: 1.1353333022275542
  yaw: 253.05743
  pitch: 61.044632
