money: '1000.0'
lastAccountName: Startek_TV_Grund
timestamps:
  login: 1573393404404
  logout: 1573393559990
ipAddress: 79.217.222.238
logoutlocation:
  world: PlotWorld
  x: 34.160865625580584
  y: 65.0
  z: -240.24740169926383
  yaw: 154.37758
  pitch: 14.968167
