money: '900.0'
lastAccountName: EinfacherKeks
timestamps:
  login: 1577371906859
  logout: 1577372069157
ipAddress: 93.225.53.30
logoutlocation:
  world: PlotWorld
  x: -365.44404499694133
  y: 65.5
  z: -2.17045011708686
  yaw: -272.23636
  pitch: 46.537113
