money: '1000.0'
lastAccountName: zJqran
timestamps:
  login: 1577290047176
  logout: 1577290061323
ipAddress: 85.222.216.128
logoutlocation:
  world: PlotWorld
  x: 1.1294870333416283
  y: 65.0
  z: 31.584530373297774
  yaw: 3.164185
  pitch: 26.178953
