money: '1000.0'
lastAccountName: ItsAWhale
timestamps:
  login: 1577380693763
  logout: 1577380763814
ipAddress: 185.220.101.73
logoutlocation:
  world: PlotWorld
  x: 15.256814957513477
  y: 69.66610926093821
  z: 0.7879468147440906
  yaw: 90.27197
  pitch: 23.754559
