money: '1000.0'
lastAccountName: jaydenskutnick
timestamps:
  login: 1572549341742
  logout: 1572550119715
ipAddress: 94.223.84.210
logoutlocation:
  world: PlotWorld
  x: -113.37564291091074
  y: 65.5
  z: 192.28848686107827
  yaw: -179.0859
  pitch: 12.037108
