money: '1000.0'
lastAccountName: VotixHD
timestamps:
  login: 1574093619204
  logout: 1574093926892
ipAddress: 84.158.6.20
logoutlocation:
  world: PlotWorld
  x: -5.041510334356769
  y: 72.0
  z: -1.341033458916335
  yaw: 181.45569
  pitch: 12.445602
