money: '2000.0'
lastAccountName: Lineex
timestamps:
  login: 1577274341182
  logout: 1577274436482
ipAddress: 91.64.23.93
logoutlocation:
  world: PlotWorld
  x: 0.10844151248733433
  y: 65.0625
  z: -22.55360794147606
  yaw: 355.6563
  pitch: 11.487954
