money: '1000.0'
lastAccountName: DoenerFreaks
timestamps:
  login: 1569152076625
  logout: 1569152090079
ipAddress: 178.196.80.214
logoutlocation:
  world: PlotWorld
  x: -16.218344508309436
  y: 65.4807108763317
  z: 54.14611243502181
  yaw: 192.12395
  pitch: 0.118553996
