money: '1000.0'
lastAccountName: NorthKong
timestamps:
  login: 1573401805463
  logout: 1573401959207
ipAddress: 188.60.175.90
logoutlocation:
  world: PlotWorld
  x: 50.230483178585196
  y: 65.0
  z: -95.25473394450839
  yaw: -50.177795
  pitch: 4.4163537
