money: '1000.0'
lastAccountName: Akokiko
timestamps:
  login: 1573939314632
  logout: 1573939357899
ipAddress: 88.130.154.107
logoutlocation:
  world: PlotWorld
  x: -22.197175145367282
  y: 65.0
  z: 512.9426987981135
  yaw: 2.3999963
  pitch: 41.100014
