money: '1000.0'
lastAccountName: Enedra
timestamps:
  login: 1570968573218
  logout: 1570968614407
ipAddress: 217.236.163.68
logoutlocation:
  world: PlotWorld
  x: -6.82499998807907
  y: 72.0
  z: 5.237500011920927
  yaw: 34.513783
  pitch: 36.037094
