money: '1000.0'
lastAccountName: ReturnAlt2
timestamps:
  login: 1573842580033
  logout: 1573842629240
ipAddress: 88.130.154.252
logoutlocation:
  world: PlotWorld
  x: -17.79256950401479
  y: 65.0
  z: 516.7837742097965
  yaw: -48.450012
  pitch: 23.250004
