money: '1000.0'
lastAccountName: HardwareZocker
timestamps:
  login: 1577124056478
  logout: 1577124210757
ipAddress: 95.222.212.23
logoutlocation:
  world: PlotWorld
  x: 8.207717956084615
  y: 72.0
  z: -1.186876836524155
  yaw: 4.8129225
  pitch: 29.400227
